-0.934235589186  0.322202704729  0.141551047384
-0.940117567678  0.30744236323  0.13499817395
-0.945721244358  0.292590315062  0.128405050459
-0.951044893068  0.27765093253  0.12177361797
-0.956086869494  0.262628615865  0.115105829807
-0.960845611732  0.247527791955  0.108403650991
-0.965319640827  0.232352913071  0.101669057677
-0.969507561296  0.217108455571  0.0949040365767
-0.973408061617  0.201798918605  0.0881105843876
-0.9770199147  0.186428822808  0.0812907072077
-0.980341978339  0.171002708981  0.0744464199532
-0.983373195625  0.155525136765  0.0675797457697
-0.986112595352  0.14000068331  0.0606927154401
-0.988559292385  0.124433941928  0.0537873667892
-0.99071248801  0.108829520751  0.0468657440846
-0.992571470257  0.0931920413662  0.0399298974354
-0.994135614196  0.077526137461  0.0329818821865
-0.995404382211  0.0618364534474  0.0260237583114
-0.996377324245  0.0461276430898  0.0190575898015
-0.997054078024  0.0304043681229  0.0120854440536
-0.997434369247  0.0146712968659  0.00510939125472
-0.997518011759  -0.0010668971681  -0.00186849623533
-0.997304907689  -0.0168055366672  -0.00884614450258
-0.996795047572  -0.0325399419194  -0.0158214786999
-0.995988510432  -0.0482654322152  -0.0227924236691
-0.99488546385  -0.0639773272519  -0.0297569045644
-0.993486163996  -0.0796709485422  -0.0367128474775
-0.991790955642  -0.095341620823  -0.0436581800622
-0.98980027214  -0.110984673467  -0.0505908321614
-0.987514635381  -0.126595441895  -0.0575087364332
-0.984934655719  -0.142169268988  -0.0644098289779
-0.982061031873  -0.157701506503  -0.0712920499649
-0.978894550802  -0.173187516483  -0.0781533442589
-0.975436087545  -0.188622672668  -0.0849916620468
-0.971686605042  -0.204002361912  -0.0918049594628
-0.967647153924  -0.219321985585  -0.0985911992132
-0.963318872274  -0.234576960987  -0.1053483512
-0.958702985362  -0.249762722747  -0.112074393144
-0.95380080535  -0.264874724228  -0.118767311205
-0.948613730971  -0.279908438925  -0.125425100601
-0.943143247181  -0.29485936186  -0.132045766227
-0.937390924778  -0.309723010971  -0.138627323268
-0.93135842  -0.324494928498  -0.145167797816
-0.925047474093  -0.339170682365  -0.151665227478
-0.918459912845  -0.353745867553  -0.158117661984
-0.911597646105  -0.368216107468  -0.164523163796
-0.904462667262  -0.382577055307  -0.170879808705
-0.897057052703  -0.396824395408  -0.177185686438
-0.889382961244  -0.410953844601  -0.183438901245
-0.881442633534  -0.424961153547  -0.1896375725
-0.873238391426  -0.438842108067  -0.195779835285
-0.864772637331  -0.452592530468  -0.201863840974
-0.856047853539  -0.466208280852  -0.207887757816
-0.847066601515  -0.479685258418  -0.213849771512
-0.837831521165  -0.493019402758  -0.219748085784
-0.828345330089  -0.506206695135  -0.22558092294
-0.818610822787  -0.519243159753  -0.231346524442
-0.808630869864  -0.532124865017  -0.237043151454
-0.798408417184  -0.544847924774  -0.242669085401
-0.787946485022  -0.557408499549  -0.248222628506
-0.777248167174  -0.569802797762  -0.253702104337
-0.766316630054  -0.582027076934  -0.259105858332
-0.755155111754  -0.59407764488  -0.264432258333
-0.743766921095  -0.605950860878  -0.269679695099
-0.732155436639  -0.617643136839  -0.274846582826
-0.72032410569  -0.629150938444  -0.279931359648
-0.70827644326  -0.640470786281  -0.284932488139
-0.696016031023  -0.651599256949  -0.289848455802
-0.683546516235  -0.66253298416  -0.294677775558
-0.670871610644  -0.673268659817  -0.299418986217
-0.657995089365  -0.683803035068  -0.30407065295
-0.64492078974  -0.694132921358  -0.308631367748
-0.631652610181  -0.704255191443  -0.313099749877
-0.61819450898  -0.714166780402  -0.317474446316
-0.604550503108  -0.723864686619  -0.321754132198
-0.590724666993  -0.733345972748  -0.325937511234
-0.57672113127  -0.74260776666  -0.330023316129
-0.562544081524  -0.751647262365  -0.334010308993
-0.548197757001  -0.76046172092  -0.337897281736
-0.53368644931  -0.769048471309  -0.341683056462
-0.519014501103  -0.777404911303  -0.345366485847
-0.504186304738  -0.785528508302  -0.348946453507
-0.489206300922  -0.793416800148  -0.352421874362
-0.474078977343  -0.801067395925  -0.355791694982
-0.458808867277  -0.808477976723  -0.359054893931
-0.44340054819  -0.815646296391  -0.362210482094
-0.427858640314  -0.822570182261  -0.365257502997
-0.412187805217  -0.829247535846  -0.368195033115
-0.39639274435  -0.835676333521  -0.371022182171
-0.380478197588  -0.841854627171  -0.373738093424
-0.364448941754  -0.847780544821  -0.376341943939
-0.348309789127  -0.853452291237  -0.378832944863
-0.332065585946  -0.858868148506  -0.381210341667
-0.315721210894  -0.864026476587  -0.383473414397
-0.299281573575  -0.868925713839  -0.385621477904
-0.282751612979  -0.87356437752  -0.38765388206
-0.266136295938  -0.877941064262  -0.389570011971
-0.249440615569  -0.882054450524  -0.39136928817
-0.232669589715  -0.885903293009  -0.393051166805
-0.215828259371  -0.889486429065  -0.394615139812
-0.198921687101  -0.892802777052  -0.396060735075
-0.181954955459  -0.895851336685  -0.397387516576
-0.164933165385  -0.898631189351  -0.398595084534
-0.147861434614  -0.901141498396  -0.39968307553
-0.130744896066  -0.90338150939  -0.40065116262
-0.113588696236  -0.905350550357  -0.401499055439
-0.0963979935805  -0.907048031986  -0.402226500287
-0.0791779568962  -0.908473447811  -0.402833280209
-0.0619337637014  -0.909626374359  -0.40331921506
-0.0446705986093  -0.910506471282  -0.403684161558
-0.0273936517023  -0.911113481448  -0.403928013321
-0.0101081169037  -0.911447231015  -0.404050700905
0.00718080965112  -0.911507629471  -0.404052191808
0.0244679312435  -0.91129466965  -0.403932490486
0.0417480522004  -0.91080842772  -0.403691638335
0.0590159795224  -0.910049063142  -0.40332971368
0.0762665245097  -0.9090168186  -0.402846831735
0.0934945043861  -0.907712019912  -0.402243144562
0.110694743921  -0.9061350759  -0.401518841014
0.127862077048  -0.904286478247  -0.400674146665
0.144991348477  -0.902166801313  -0.399709323733
0.162077415307  -0.899776701938  -0.398624670982
0.179115148628  -0.897116919206  -0.397420523618
0.196099435124  -0.894188274187  -0.396097253176
0.213025178663  -0.890991669656  -0.394655267388
0.229887301882  -0.887528089774  -0.393095010043
0.246680747772  -0.883798599758  -0.391416960835
0.263400481242  -0.879804345512  -0.3896216352
0.280041490687  -0.875546553237  -0.387709584139
0.29659878954  -0.871026529013  -0.385681394031
0.313067417815  -0.866245658359  -0.383537686437
0.329442443644  -0.861205405764  -0.381279117887
0.345718964797  -0.855907314192  -0.37890637966
0.3618921102  -0.850353004566  -0.376420197552
0.377957041428  -0.844544175221  -0.373821331635
0.393908954203  -0.838482601337  -0.371110575997
0.409743079863  -0.832170134347  -0.368288758484
0.425454686828  -0.825608701319  -0.365356740419
0.44103908205  -0.818800304316  -0.362315416318
0.456491612446  -0.811747019729  -0.359165713591
0.471807666321  -0.80445099759  -0.355908592239
0.486982674771  -0.796914460862  -0.352545044533
0.502012113076  -0.789139704703  -0.349076094688
0.516891502072  -0.781129095711  -0.345502798524
0.531616409509  -0.772885071146  -0.341826243122
0.546182451393  -0.764410138126  -0.338047546462
0.560585293308  -0.755706872809  -0.334167857064
0.574820651721  -0.746777919548  -0.330188353605
0.588884295272  -0.737625990028  -0.326110244537
0.602772046042  -0.728253862378  -0.321934767696
0.616479780803  -0.718664380273  -0.317663189893
0.630003432248  -0.708860452005  -0.313296806509
0.643338990206  -0.698845049538  -0.308836941067
0.656482502826  -0.688621207551  -0.304284944813
0.669430077756  -0.678192022453  -0.299642196271
0.682177883286  -0.667560651383  -0.294910100803
0.694722149482  -0.656730311195  -0.290090090155
0.707059169292  -0.645704277422  -0.285183621996
0.719185299629  -0.634485883226  -0.280192179449
0.731096962439  -0.623078518327  -0.275117270622
0.742790645741  -0.611485627921  -0.269960428116
0.754262904644  -0.599710711578  -0.264723208546
0.765510362346  -0.587757322129  -0.259407192035
0.776529711105  -0.575629064532  -0.25401398172
0.78731771319  -0.563329594731  -0.248545203238
0.797871201807  -0.550862618493  -0.243002504211
0.808187081997  -0.538231890238  -0.237387553728
0.818262331521  -0.525441211852  -0.231702041813
0.828094001708  -0.51249443149  -0.225947678897
0.837679218287  -0.499395442364  -0.220126195278
0.84701518219  -0.486148181516  -0.214239340576
0.856099170335  -0.472756628593  -0.208288883189
0.864928536375  -0.459224804594  -0.202276609734
0.873500711435  -0.445556770616  -0.196204324494
0.881813204808  -0.43175662659  -0.190073848855
0.889863604642  -0.417828510004  -0.183887020735
0.897649578587  -0.403776594618  -0.17764569402
0.905168874424  -0.389605089173  -0.171351737985
0.91241932067  -0.375318236085  -0.165007036719
0.91939882715  -0.360920310138  -0.15861348854
0.926105385546  -0.346415617167  -0.152173005412
0.932537069927  -0.331808492735  -0.145687512361
0.938692037239  -0.317103300798  -0.139158946876
0.94456852778  -0.302304432375  -0.132589258323
0.950164865646  -0.2874163042  -0.125980407347
0.95547945915  -0.272443357377  -0.119334365273
0.96051080121  -0.25739005603  -0.112653113507
0.965257469721  -0.242260885942  -0.105938642934
0.969718127892  -0.2270603532  -0.0991929533141
0.973891524559  -0.211792982828  -0.0924180526776
0.977776494472  -0.19646331742  -0.0856159567191
0.981371958559  -0.181075915774  -0.0787886881895
0.984676924155  -0.165635351518  -0.0719382762884
0.987690485214  -0.150146211738  -0.0650667560545
0.990411822491  -0.134613095604  -0.0581761677562
0.992840203693  -0.119040612994  -0.051268556282
0.994974983613  -0.103433383118  -0.04434597053
0.996815604233  -0.0877960331457  -0.0374104627982
0.998361594797  -0.072133196826  -0.0304640881747
0.99961257187  -0.0564495131166  -0.0235089039279
1.00056823936  -0.0407496248094  -0.0165469688979
1.0012283885  -0.0250381771587  -0.00958034288833
1.00159289787  -0.00931981651189  -0.00261108605923
1.0016617333  0.00640081105808  0.00435874167923
1.0014349478  0.0221190611168  0.0113270812715
1.00091268147  0.0378302922296  0.0182918751198
1.00009516139  0.0535298673195  0.0252510676864
0.998982701423  0.0692131550206  0.0322026060928
0.997575702079  0.0848755310277  0.0391444407185
0.99587465029  0.100512379441  0.0460745257963
0.993880119196  0.116119094105  0.0529908200065
0.991592767887  0.131691079943  0.0598912870673
0.989013341132  0.147223754288  0.0667738963241
0.98614266908  0.1627125482  0.073636623335
0.982981666935  0.178152907788  0.0804774504535
0.979531334614  0.193540295511  0.087294367409
0.975792756371  0.20887019149  0.0940853718827
0.971767100409  0.224138094792  0.100848470082
0.967455618459  0.239339524726  0.107581677307
0.962859645346  0.254470022114  0.114283018524
0.957980598522  0.269525150565  0.120950528919
0.952819977584  0.284500497736  0.127582254461
0.947379363765  0.299391676582  0.134176252457
0.941660419409  0.3141943266  0.1407305921
0.935664887415  0.328904115065  0.147243355016
0.929394590669  0.343516738246  0.153712635805
0.922851431447  0.358027922626  0.160136542578
0.916037390803  0.372433426101  0.166513197488
0.90895452793  0.38672903917  0.172840737262
0.901604979505  0.40091058612  0.179117313715
0.893990959015  0.414973926188  0.185341094275
0.886114756052  0.428914954727  0.191510262491
0.877978735605  0.442729604342  0.197623018541
0.869585337317  0.45641384603  0.203677579733
0.86093707473  0.469963690297  0.209672181002
0.852036534514  0.48337518827  0.215605075396
0.842886375666  0.496644432788  0.221474534567
0.833489328703  0.509767559484  0.227278849243
0.823848194825  0.522740747858  0.233016329704
0.813965845073  0.535560222329  0.238685306249
0.803845219456  0.548222253276  0.244284129655
0.793489326068  0.560723158063  0.24981117163
0.782901240188  0.57305930206  0.255264825264
0.772084103357  0.58522709963  0.260643505467
0.761041122447  0.597223015122  0.265945649406
0.749775568707  0.609043563836  0.27116971693
0.738290776792  0.620685312976  0.276314190997
0.726590143785  0.632144882589  0.281377578083
0.714677128191  0.64341894649  0.286358408592
0.702555248926  0.654504233167  0.291255237257
0.690228084286  0.665397526672  0.296066643533
0.677699270902  0.676095667499  0.300791231986
0.664972502679  0.686595553442  0.305427632668
0.652051529728  0.696894140437  0.309974501493
0.638940157274  0.706988443389  0.314430520599
0.625642244555  0.716875536983  0.318794398709
0.612161703713  0.726552556476  0.323064871477
0.598502498663  0.736016698472  0.327240701832
0.584668643952  0.745265221682  0.331320680314
0.570664203612  0.754295447667  0.335303625398
0.556493289991  0.763104761559  0.339188383818
0.542160062583  0.771690612769  0.342973830873
0.527668726832  0.780050515677  0.346658870736
0.513023532942  0.788182050301  0.350242436746
0.498228774664  0.796082862953  0.353723491696
0.483288788074  0.803750666871  0.357101028116
0.468207950346  0.811183242839  0.360374068541
0.452990678512  0.818378439784  0.363541665779
0.437641428208  0.825334175355  0.366602903159
0.422164692419  0.832048436488  0.369556894787
0.406565000208  0.838519279947  0.37240278578
0.390846915441  0.844744832849  0.375139752496
0.375015035498  0.850723293169  0.377767002759
0.359073989985  0.856452930229  0.380283776072
0.343028439425  0.861932085161  0.38268934382
0.326883073954  0.867159171363  0.384983009472
0.310642612004  0.872132674921  0.387164108765
0.294311798977  0.876851155022  0.389232009886
0.277895405919  0.881313244349  0.391186113642
0.26139822818  0.885517649446  0.393025853625
0.244825084073  0.889463151072  0.394750696363
0.228180813528  0.893148604538  0.39636014147
0.211470276733  0.896572940013  0.397853721776
0.194698352784  0.899735162822  0.399231003463
0.177869938314  0.902634353717  0.400491586177
0.160989946128  0.905269669131  0.401635103142
0.144063303832  0.907640341414  0.402661221262
0.127094952457  0.909745679044  0.403569641213
0.110089845077  0.911585066821  0.404360097526
0.0930529454322  0.913157966046  0.405032358665
0.0759892265362  0.914463914667  0.40558622709
0.0589036692937  0.915502527419  0.406021539314
0.0418012611079  0.916273495936  0.406338165957
0.0246869944883  0.916776588846  0.406536011779
0.0075658656574  0.91701165184  0.406615015713
-0.00955712684493  0.916978607732  0.406575150889
-0.0266769835573  0.916677456489  0.406416424642
-0.0437887054934  0.916108275241  0.406138878521
-0.0608872955398  0.91527121828  0.405742588277
-0.0779677598523  0.914166517027  0.405227663856
-0.0950251092534  0.912794479985  0.40459424937
-0.112054360629  0.911155492673  0.403842523066
-0.129050538322  0.909250017533  0.402972697286
-0.14600867553  0.907078593826  0.401985018416
-0.162923815695  0.904641837497  0.400879766826
-0.179791013896  0.901940441032  0.399657256802
-0.196605338239  0.89897517328  0.398317836468
-0.213361871239  0.89574687927  0.396861887702
-0.230055711208  0.892256479997  0.395289826036
-0.246681973633  0.888504972193  0.393602100559
-0.263235792553  0.884493428075  0.391799193794
-0.279712321934  0.880222995072  0.389881621587
-0.296106737033  0.87569489554  0.387849932966
-0.312414235768  0.870910426444  0.385704710007
-0.328630040074  0.865870959031  0.383446567682
-0.344749397258  0.860577938475  0.381076153704
-0.360767581349  0.855032883508  0.378594148357
-0.376679894439  0.84923738603  0.376001264323
-0.392481668024  0.843193110691  0.373298246498
-0.408168264328  0.836901794468  0.370485871794
-0.423735077634  0.830365246209  0.367564948943
-0.439177535596  0.823585346161  0.364536318285
-0.45449110055  0.816564045484  0.361400851544
-0.469671270814  0.809303365736  0.358159451607
-0.484713581982  0.801805398348  0.354813052281
-0.499613608211  0.794072304071  0.351362618051
-0.514366963492  0.786106312408  0.347809143825
-0.528969302922  0.777909721029  0.344153654673
-0.543416323959  0.769484895159  0.340397205554
-0.557703767669  0.760834266959  0.336540881036
-0.571827419966  0.751960334871  0.332585795011
-0.585783112834  0.742865662963  0.328533090396
-0.599566725551  0.733552880243  0.324383938831
-0.613174185886  0.724024679954  0.320139540364
-0.626601471298  0.714283818858  0.315801123131
-0.639844610117  0.704333116498  0.311369943025
-0.65289968271  0.694175454437  0.306847283364
-0.665762822642  0.683813775487  0.302234454538
-0.678430217819  0.673251082912  0.297532793662
-0.69089811162  0.662490439622  0.292743664212
-0.703162804013  0.65153496734  0.287868455656
-0.715220652658  0.640387845758  0.282908583079
-0.727068074  0.629052311671  0.277865486795
-0.738701544343  0.6175316581  0.272740631958
-0.750117600909  0.60582923339  0.267535508162
-0.761312842882  0.593948440296  0.262251629031
-0.772283932443  0.581892735054  0.256890531808
-0.783027595778  0.569665626428  0.25145377693
-0.793540624078  0.557270674749  0.245942947602
-0.803819874524  0.544711490933  0.240359649358
-0.813862271244  0.531991735484  0.234705509618
-0.823664806266  0.519115117482  0.228982177241
-0.833224540446  0.506085393554  0.223191322061
-0.842538604382  0.492906366833  0.217334634431
-0.851604199305  0.479581885896  0.211413824747
-0.860418597957  0.466115843693  0.205430622972
-0.868979145448  0.45251217646  0.199386778156
-0.877283260094  0.438774862613  0.193284057938
-0.885328434235  0.424907921635  0.187124248059
-0.893112235035  0.410915412946  0.180909151854
-0.90063230526  0.396801434754  0.174640589745
-0.907886364039  0.382570122906  0.168320398727
-0.914872207601  0.368225649709  0.161950431849
-0.921587709995  0.353772222754  0.155532557685
-0.928030823784  0.339214083715  0.14906865981
-0.93419958072  0.324555507145  0.142560636253
